0,1,0
0,0,0,2,3,0
4,5,6
8,9,9
10,10,10,10,10,10,11,12,12,12
13,14,15
16,13,13,5
6,6,17
19,19,19,20
13,13,4,0,3
4,13,4,0,0
23,23,4,4,4
4,0,5
4,4,15
24,24,24,24,25
10,17,15
15,15,0,27
13,13,0,13
2,24,24,24
31,10,11,18,18,29
13,13,13,2
33,33,4
35,35,15,15
13,4,36,4,15
37,38,37
18,15,15
6,15,15
4,27,4,27,27,4,5
0,40,37,37
4,21,0,21
34,34,0
13,13,41
17,0,0,0
44,17,0
4,0,15
40,40,38,38
11,4,4
44,48,4
4,40,17,13,3,3,3
37,13,13
17,17,17,29
0,4,37,37
4,40,15,15,15
25,25,4,4
18,44,0
52,53,30
40,4,4,50
0,30,54
4,4,5
4,4,4,38
46,4,4,4,4
10,17,17,17,17
10,4,4
17,15,2,4
42,13,4
0,22,5,5
13,15,0,0
39,33,5,5
13,4,4,4
39,2,2,15
10,10,10,10,11,11
13,46,15
58,4,4
43,29,29,29
17,17,17,29
13,4,4,4
4,44,5
15,15,15,38
4,4,55
1,13,4
43,11,11
33,33,0
4,4,15
60,61,0
56,62,62,54
42,13,13
63,4,13
45,51,17,23
21,11,11
61,0,38
10,0,0,0
4,4,15
24,56,56
51,13,0
4,55,55
4,17,0
44,4,4,4
15,15,15,14
4,37,2
66,15,44
29,44,44,29
15,15,28
15,15,0,0
59,59,59,13
2,30,5
3,4,44
0,0,54
58,58,0,0,0
13,2,46
40,40,4,37
58,51,15,15
4,13,4
4,13,0
13,4,13
49,11,11,11
68,13,0
13,13,0
0,66,0
13,0,41
13,4,4,30
2,2,46
51,51,4,4,4
13,0,70
17,17,17,17,51
4,2,2
18,48,48
29,43,11
43,13,0
10,26,29
43,0,0,0,0,0,0
15,4,29
4,17,15,17,17,17,17,17,17
32,32,15,15,15
10,11,9,51
55,55,15,38
9,4,4
17,17,17,17
13,13,13,38,28
4,4,4,15
44,44,0
4,4,4,4,4,4,28
4,4,5,5
15,15,15,15,15
34,5,5
65,17,17,17
6,54,54
4,15,15
17,17,17,29
33,33,51
10,10,11,11
0,30,0
19,32,32
17,17,17,17,29,29
4,4,4,4,4,15,15
13,38,2
0,0,37
72,3,4,28
15,15,38
7,0,0,37,0
11,17,11
0,0,0,0,0,54
51,4,4,4,4,4,4
6,4,0
60,60,42
23,38,38,38
17,18,17
26,15,30
0,0,5
4,4,13,13
61,56,56,29,29
37,37,0
10,13,14
9,56,29
17,17,17,17,17,0
17,59,51
30,46,46,46,46
19,11,11
56,23,5,5
4,0,13,15
11,44,15,44
11,11,11,29
0,74,30,38
66,56,42
4,4,5,37
40,0,0
51,51,66
4,13,36,15
38,38,37
4,4,4,4,5,2
4,13,13
15,4,4
9,8,17
17,73,0
51,24,24
0,22,5,5
42,17,57,57
51,51,51,38
22,4,22,22
13,13,13,13,37
6,6,15,15
50,17,13,13,0
43,4,4
5,5,37
4,4,4,4,25
1,58,4,4,4,4
13,4,2,2,2,2
11,10,4
68,18,0
15,35,15,15,0
17,17,0,0
51,17,17,51,51
22,0,37
45,18,51
30,51,51
13,50,21,38
15,15,62
58,24,54
57,57,57,57,11
40,40,4,4,28
4,4,37
0,0,0,37,37,37
68,11,11
4,4,4,4,15
5,5,5,5,5,41
15,15,15,15,15
4,4,4,30
2,2,5
42,42,42,10
40,37,54
17,17,17,17,17,17,15
18,18,18,18
15,30,0
4,13,30
13,13,13,4,37
11,46,46,46
4,4,4,4,4,4,37
13,0,5
56,4,24,29,75,75,75,41
46,46,46,46,46
49,11,11,11
45,5,41
63,11,11,11,11
43,43,15,4,41,4
2,30,30
18,18,36,36,36
13,44,38
51,0,0
37,0,28
42,53,17
43,30,30
4,51,51
10,11,17
4,4,4,2
56,56,34,34,34,34,34,34,56
17,9,15,15
61,13,13,4
4,4,4,4,40,40
46,0,0
42,18,30
51,18,26
15,4,4,4
18,48,17
38,38,5
27,17,17,17,17
4,4,4,4,4,38,38
17,17,4,4,4,4,15,15
10,13,14
11,4,13,13,13,13
56,56,56,76
4,4,4,4,14,30
30,44,30
22,11,11,11,11,11
13,14,14
4,5,5
61,4,62
13,13,0,54
51,4,4
12,12,4
4,4,4,18
4,4,2
4,4,4,15
15,7,15
15,38,38,41
7,57,13,5
4,4,4,0
21,21,0,0
24,25,25,24,25
4,13,13
40,3,0,38,38,38
17,2,2,2
17,17,17,2
56,30,11
0,78,78
13,5,5
4,4,38,38,38
0,54,30,11
43,30,30
4,4,4,4,5
0,4,4,5,5,5
33,33,30
51,33,33
2,2,34
18,29,29,2
40,68,17
42,42,75,15,3,3
15,29,5,5
49,24,24,38,79
10,10,11
13,15,14
15,15,38,41,41
19,11,11,11,11
24,24,24,24,37,41
18,13,11,0
5,5,41,41
13,78,78,0,0
17,17,0,28
51,17,17,17,4,4
0,44,0
30,26,16
18,18,48,48
17,42,42,42
18,71,71,71,71,66
4,30,30
10,10,11
13,44,0
10,13,55
60,30,18,2
22,2,2
51,50,58,12
17,17,15,4,5,37
10,17,17,17,17,17,17
0,45,0
4,4,18
4,4,4,4,4,4,0
17,17,4
51,51,38,30
17,4,15
15,15,4,14
10,11,56
13,13,38,38,38,38
50,37,37
4,0,37
43,25,25,25
40,23,23,37
11,53,11,11
40,43,4,0,54
11,13,13,13
23,13,5,5
45,51,34,34,4
0,2,13,28
7,55,55
17,4,4
4,4,4,4,4,15,41
17,17,80,80
4,30,34
4,0,4
13,13,13,37
15,15,15,15,38
29,66,66
15,4,37
43,38,78
10,51,51,26,51
35,13,5
40,3,3
4,38,25
15,15,13,30
4,4,4,4,4,15,15,15
2,56,18
19,35,26,35
2,2,2,2,2,34,34
15,37,15,5
4,4,4,4,4,4,4,15,15,5
4,4,4,37
4,17,17,29
13,13,13,14,14
15,37,54
17,3,16
42,11,17,67
4,4,4,4,4,5,5
51,33,51
4,72,0
4,4,4,41
11,4,4,4
1,1,6,6,73,0
15,37,38,54
11,4,11
17,17,3
27,4,4,4,4
39,15,15,15
7,37,5,0,38,0,0
51,51,29,29,29
17,18,18,15,15
11,4,4
44,0,44,44
17,26,28
51,22,4
11,11,13
27,0,0
15,4,15,15
7,7,33
4,15,13
27,5,22
51,55,55
68,13,44
60,60,35
35,15,35
17,26,26
56,17,11
30,53,17,14
6,4,4
33,4,13
53,15,0
17,17,17,80,17
43,18,41
61,62,78
4,29,34
60,17,17,17,17,17
49,49,11
33,37,37
27,4,4,75
22,5,5,5,5
3,9,67
13,5,0,0
12,38,0
51,0,13
4,4,4,15
17,44,37
4,0,0
39,0,0
4,15,11
10,10,10,10,26,26,29,26,56
52,53,53,53
27,5,5,5
34,2,15
22,22,37
17,51,0,13,37
4,4,4,37,37
66,66,6,0
5,4,5
42,4,53,25
15,34,34,0
11,37,37
4,3,0
51,26,51,4
56,11,2
45,49,11
13,13,4,13,13
4,69,4
42,17,17,17,53,53,17
17,80,80,17,80,80,80,17
11,4,11,4,4,4
4,4,4,11
0,24,13,38
42,42,42,42,12
11,57,57,57
48,15,15,11
17,17,17,9
4,4,4,4,15
4,4,15
49,49,11
15,15,15,15,15,15,37
56,48,11
51,51,4,0
0,13,38,38
4,15,15
42,5,5,5,37
11,17,53,53
73,73,7
17,17,0,0
15,13,37,54
29,26,29,29,0
65,17,17
2,2,2,5,5
13,4,5,37,37,0
56,56,26
4,4,4,4,0
17,15,15
2,33,2,2
10,51,26
43,0,1
4,13,72,0
58,18,25,25,41
44,0,14
56,7,33
17,17,17,17,0
23,11,5,5
4,15,15
13,30,30
4,63,15,24,0
13,1,44
63,4,4,4
51,15,13
65,17,17,17
17,17,17,13,13,13
40,13,13,13
63,11,11
19,44,44
15,15,15,38
42,17,17
17,11,2
13,0,0,0
49,15,4
71,4,3
61,33,33,33
4,0,37
66,13,13
35,26,37
0,4,0
0,0,37
53,46,4
0,0,70
4,11,26
15,15,15,15,4
38,30,30
4,4,4,29,15
0,5,0
13,0,3,3
43,17,43
4,4,2,2,2
26,4,4,29
3,3,4,4
4,3,17,15
0,30,44
5,5,5,5,5,41
44,11,11,11
4,4,38
17,15,15,15,15,15,4,4
51,10,26,9
4,4,4,15,41
17,59,59
14,37,37,70
4,0,3
36,4,70
4,4,4,2,0,4
17,42,42
40,2,2,41
17,26,42
11,11,11,4
13,13,14
0,0,37,37
11,5,5
10,11,17,15
16,16,5
4,0,0
60,4,29
4,4,5
15,11,11
11,11,11,11,37
17,43,18,43,43
44,39,43,15,5,14
21,0,0
53,11,11,11
40,13,0,0,0
40,3,3,0
45,0,0
43,43,11
17,4,4,4
4,4,4,4,13
0,13,13,13
37,37,41
7,33,33
46,4,4
17,4,4,4
4,4,46,46
51,4,4
17,43,0,0,0,0
26,17,17,18
4,2,25
13,36,37
4,4,15
4,4,2,3,3
6,15,37
40,40,0,4
4,4,5
36,36,36,79
4,4,4,55
51,59,59,59
66,34,34
39,39,0
1,0,0
22,22,0
4,3,69,55
43,15,11,11,4
51,29,29
17,17,0
13,22,22,22
0,0,13
29,29,7,0
40,13,13,13,4,4,4
17,17,76
0,0,4,0,0
4,4,4,2
23,38,38
17,17,15,15
67,45,45,45,45
17,51,51
11,0,37,4,37
4,51,51
4,10,4,29,42,11
30,37,37
56,26,56
5,5,30
19,19,32
43,32,32
4,5,38,0
0,0,22,1
4,5,5,5
71,71,71,29,4
23,37,23,37
21,21,17,17
56,22,4,4
57,56,18,18
4,43,4,4,38
40,40,37,54
22,17,17,17,17,17,17,17,17,17
0,4,37,0
18,18,44,29,44,44,29
10,2,34
0,37,37,37
42,29,29
4,4,37
46,46,46
4,29,37
45,13,13,13
11,13,4,36
17,11,18,63
4,2,2,2
50,22,37,22,5
4,4,4,5,5
33,0,37,37
19,19,31
12,62,62
32,32,51
4,51,51
4,4,41
27,7,1
17,15,15,15,15
25,24,38
17,17,17,17,17,17,17,17,17,17,17,17,17,67
37,0,0
55,0,0,0
4,4,4,0
60,17,0,0,4
4,4,40,4
31,31,17
53,44,15,44,25
50,4,4
10,10,10,17
17,51,3,3
10,10,10,10,7,29
4,3,3,3,3
39,33,39,39,4,39
81,81,74
64,53,53,53,3
17,17,17,71
19,2,15,15
42,42,17
32,17,15,4,4
60,18,2,2,2,2,2,37
13,13,38
63,11,13,26
13,13,12
18,5,5,5,5
19,19,17
33,7,7
21,13,13,37
80,17,15,15,75,75
4,4,38
44,11,0
15,3,18,29
17,3,3
18,18,18,56,48
13,48,14
0,0,37
4,1,5,5
13,13,13,4
4,4,24,24,25
51,0,55,28
17,3,3
17,13,13,13,5
23,11,23,11,11
11,13,11
17,10,10
60,24,24,25
17,17,17,17
13,0,30
40,21,0,4,0,0
4,4,4,5,5
4,15,0
4,4,4,4,4,4,0
4,4,4,4,4,4,4,13,13,13,13,13
58,15,38
11,11,37,41
11,26,26,26
2,0,38,41
4,55,71
22,22,14
53,17,17,17
40,37,70
19,4,4
11,17,17
17,67,67
4,4,4,13
45,12,13
42,42,29
11,15,15
4,51,17,28
43,4,38,38
0,22,37,37
17,51,2
4,15,0
15,0,70
9,45,59
17,56,55
4,7,7,44,4
13,13,38
44,4,44,0
56,56,56,15
0,0,0,4
55,4,28
68,15,67
11,37,37
38,38,79
13,4,4
11,4,51
17,17,53
10,56,56
5,0,38,54
17,17,15
43,13,4
17,4,3,3,3,3,4,3
0,0,78
2,5,41
40,40,4,5
26,66,15,30
55,75,75
44,51,66,29
17,26,17
51,42,42
37,37,0,37
44,11,11
40,51,0,0,78
17,17,26,26
10,11,24
42,15,15
4,4,0,0
15,35,15
65,17,17,17,17
4,4,4,5,5
4,38,0
8,17,17,17,17
9,17,17,17,51,51
4,41,25
15,23,0,0,0
17,17,17,17,9
43,33,18
68,68,0
12,4,4
43,4,5,5
4,5,0
4,4,75,38,38
13,13,4,4,75
7,37,43
26,44,11,11,11,5
13,0,4,4
10,11,11,37,37
11,11,11,11,41
13,36,36
0,4,15,0
11,29,29
43,51,43
13,0,5
27,1,38
4,4,37,37
10,13,36
50,2,4
4,4,4,4,4,4,4,17
17,0,5
17,21,4,4,4,4,4,4
31,17,17
18,13,36
50,4,4,4,4,4
36,36,36,37
47,47,0
71,71,4,4,4
51,51,14
13,4,4,4,4,0
56,56,56,56,56,76
2,13,37
15,4,4
11,15,15,41,0
13,5,41
15,4,0,15
15,15,13
4,4,4,41,41
81,74,43,43
59,4,3,3
10,10,10,10,10,2
46,9,38
12,15,4,15
4,2,5
48,4,0,0
1,37,0
4,4,4,37
40,4,4,4
17,11,11
47,15,15
10,17,10,11
15,4,0
4,4,15,15
4,4,4,4,4,15
4,3,30
4,4,28
13,13,15
12,12,12,12,12,12,12,12,12,12,4,4
3,4,50
4,15,15
15,11,11,38
15,34,38
51,51,53
13,13,0
15,42,42
30,30,42,42
15,4,4,4
42,42,0
5,5,41
27,27,17
4,4,4,4,4,5,5
17,34,34
13,4,41
17,17,17,0,0
4,4,4,4,55
17,4,4,4
4,2,2,4,4,4,5
65,65,17,17,17
13,13,0
4,4,4,41
17,4,29
44,17,17
4,4,0
64,11,9
24,25,30
22,15,4
42,22,4
36,36,5,41
73,73,3,3
24,24,24,25
0,15,4,4,0
71,3,3
34,2,30
4,4,4,4,4,4,15,15
15,15,4
23,23,37
15,4,5
81,58,4
17,17,17,23,17
17,4,4,13
45,15,15,4
50,50,4
33,33,4
42,17,17
2,2,2,2,34,2
51,13,13,13,13
0,17,0,5,5,5,41,5
10,10,10,10,13,13,15,15
4,4,41
49,42,0,0,0
32,33,33
17,17,17,17,17
59,59,13,13
63,11,11
44,4,4
64,11,29
18,18,18,52,53
32,4,4
2,2,2,14,14,37
17,17,17,17,17
17,17,17,4,29
4,14,51
3,68,68,15,37
43,0,5
26,17,17
4,37,0
50,4,75
67,42,11,42
49,0,41
0,38,79
39,11,22
15,15,0
16,16,42
43,2,2
4,4,0
33,33,33,30
10,56,76
0,15,0
59,59,59,4
4,51,4
4,4,4,38,38
16,5,5
17,17,11,11
4,4,4,4,4,4,37,37
44,0,0
11,10,14
4,49,4,4
19,51,51,30
42,4,4
4,44,0
67,45,28
17,17,67
17,11,9
13,13,13,2,2
8,17,17,17
59,51,51,28
4,4,36,29,0
22,11,24,24,25
10,11,11
15,15,15,15,9
9,13,37
44,11,37
7,21,44
4,30,30
13,13,13,46,46,46
56,56,76
44,11,11
4,4,0
42,51,29
13,4,30
44,15,5,0
10,10,10,10,10,10,11
51,55,62
33,4,4,4
0,38,38,38
4,38,54
53,4,4,17
44,11,0
44,15,44
4,22,37,58
40,58,4,4
10,11,38,5
13,13,30,30
51,10,17
0,0,41
4,11,24,41
40,39,39,0
13,5,5,5
17,17,17,17
13,5,5,5
51,58,58
51,17,16,17,17
22,37,2,13
2,2,2,41
3,3,28
10,10,11
17,42,53
33,37,0,37,30
15,4,41
23,23,11
51,51,51,34
4,4,15
15,15,37
35,35,15,15
3,28,28
71,71,71,71,4
51,51,44,12,44
17,15,15,15
2,2,30
56,56,56,56,76
17,15,4,75
9,32,15,25
68,15,4
40,67,67
18,23,5,78
1,5,5,37
4,4,5
17,4,4,4
9,4,4
39,7,29,30
37,37,3,55
46,47,47
47,0,47,0,47,38,0,70
29,29,0
40,43,6
66,10,15,62,38
15,15,15,15
61,75,0
51,26,17,17
13,5,5
18,38,0
5,44,5,5
17,44,15
15,4,25
17,4,46,39,4,4
63,11,11
6,38,38
40,5,22,37
5,5,5,41
58,58,4
71,53,53
13,4,4
0,78,78,78
62,0,1
22,27,27
4,4,4,5,5
51,51,29,29,29
4,4,41
0,16,15,15,15
4,42,26,26,26
4,15,14,54,54
10,50,4,7,7
39,39,5,5,41
43,39,39
13,13,37
4,4,4,26,26
17,50,17
32,15,32,4
10,47,17,47,51
42,42,11
26,26,4,4,4
34,5,5
4,4,0
10,51,56
49,11,11
26,4,4,22,0
17,50,4
51,4,4,4,38
44,4,4,4,4,4,4,4,4
13,13,5,5,5
15,5,5
33,0,0
13,4,32,0
27,27,13
13,13,24,15
68,13,0
1,13,13,0
13,13,13,13,5
58,58,46
17,80,17,17
13,13,13,14,14
4,4,4,37
14,19,46
4,4,4,4,0
4,58,4
14,5,5
18,4,18
7,11,11
29,4,4
13,13,13,13,13,14,14
51,17,67,3
13,13,4
4,37,37,37
17,17,17,4,4,4
10,11,42
2,4,2
18,29,24,41,41
27,27,27,15,37
4,4,37
10,29,29,29
57,56,13
32,34,34,34,5,5,5,5
0,51,0,26
12,4,4
12,15,30
49,11,11,11
17,26,29
4,78,0
4,4,15
12,4,13,37,13,4,4
17,17,13,0
4,4,34,2
5,5,38,38
33,5,0
44,1,4,4,1,0
73,73,73,73,0
18,18,4
21,15,15,15,15,15,0
45,5,5
4,28,28,0,0
26,17,26,26
3,37,37,70
4,4,4,37,37,37,37
13,4,4,4,4
17,17,17,17,2
68,17,17
42,4,56,24
4,4,4,15,15
81,44,50
3,3,28
4,4,4,37
4,0,4
17,17,4
43,15,15
4,4,4,14
51,51,55,3
66,38,38,34
17,17,17,17
10,29,29,38,38,38,38,38
4,0,0
51,9,9
2,2,2,2,2,37
13,4,0
67,11,42
10,5,5,5,38
6,37,7,0
60,16,17,17
37,0,37,0
18,33,33
71,71,71,71,0
10,10,13,0,0
12,12,12,12,12,12,4
11,31,56
62,4,62
4,4,0
26,26,4
10,10,10,9
56,13,66,46
18,4,0,4
45,17,17
17,17,26
19,44,17,17
17,4,3
4,13,36,0
73,38,38
2,2,13
43,4,4
8,9,17
6,0,0,0
0,0,0,0,78
15,15,38
15,44,5
16,61,56
3,29,15,15
13,13,38
46,46,46,46
21,21,0
33,43,37,0,41
17,46,46
0,0,0,78,38,38
6,38,30
38,38,79
4,4,4,4,4,0,0,0
0,0,37,37
10,13,13
19,17,57,57,57,57
29,4,43,29
4,4,4,4,4,53,53
59,59,59,59,55
15,15,5
4,4,5,41
1,17,17,17
8,17,17,17
3,3,55
4,4,14
15,15,28,28
17,17,17,17,13
13,13,5,5
44,11,11
24,5,5
36,43,36,37
27,0,27,0,27
13,13,37,41
10,10,10,10,10,10,10,10,10,13
17,17,22,54
0,37,70
45,17,2,0
17,17,17,4
4,37,38
75,0,1
13,4,4
50,50,4,4,4
22,0,41
51,44,18,30
40,55,13,37,70
34,34,13,15,41
19,19,4,4
4,4,4,0,0
0,15,5
4,4,5,54
0,4,0,3,4,37
13,30,30,30
13,4,50,0
60,60,60,60,15,15,15,15
4,4,0
44,4,4,0
15,4,0
26,29,29,26,26
12,4,41
17,0,5
50,44,22,50
17,17,17,17
40,21,0
22,4,4,4
47,4,15,4
24,24,24,38,54
18,2,2
29,29,29,11
13,17,5,5,5
9,17,17
3,55,3
5,5,37
4,15,4
2,16,5
15,15,58
17,15,0
74,44,13
43,43,15,43,43
42,2,2,5,5,5
2,2,2,30
26,13,13,13
4,4,55
42,10,64,11
4,17,0,55,5
13,38,38,38,38,0
22,22,1
4,4,15
17,17,15
11,39,18
13,43,75,4,34
39,77,38
27,0,27,0
47,47,51
13,51,0
17,0,0
22,11,11,11,11,11
50,4,4,4,4,4,4
10,64,64
15,13,13
46,2,2,25,11
14,29,14,14,14
0,14,41
64,2,2,30
17,80,17,14
32,32,4,15,4
13,5,5,5
13,26,29
51,4,2,51
0,15,15
34,5,41
71,71,26
4,30,30
13,13,13,13,5
55,55,15,15
12,4,4
29,7,7
39,39,0
13,13,4,4
73,73,0,0,0,0
4,4,4,4,15,15
15,15,15,4,15
10,10,13,2,2
17,44,0
56,4,4
4,4,62,37
44,33,4,4
61,51,51
40,0,0
17,15,3
4,4,4,15
26,26,51
16,13,66
36,36,3,3
4,3,4,0
45,4,0
40,40,40,4,4
15,4,0
15,44,37,44,37
0,0,38
18,18,4
60,15,15,15,70
42,4,4
30,46,46,46,46
23,23,11
13,13,2,4,4
18,18,18
39,51,0,0
13,5,70
4,15,4
15,22,37
17,17,17,17,17,9
40,13,13
4,4,62
17,0,0,0
67,3,2
4,38,38,5
43,0,37,37
19,22,11,22,17
64,4,15
4,27,27
4,4,0
56,24,11,25
6,4,6,0
1,4,30
4,15,15
21,37,37
4,4,34
44,44,5,44
13,13,5
45,10,11,11
10,42,2
13,34,34
33,15,15,15,5
10,11,29
4,4,5
13,72,72
56,17,3,3
24,24,24,25
13,0,37
66,23,11,13
40,0,40
15,54,5,54,54
13,2,2,2
4,4,4,4,4,4,34
18,12,38,37
14,14,4,25
17,5,5,0
44,36,36
4,18,18,0,37
0,4,4
17,0,0
10,10,17,56,76
61,15,15,15,15,15
11,11,66,29
9,17,17,17
67,69,67
18,18,48
13,4,4,4
39,18,0
4,13,0
7,13,5
4,4,37,37,37
2,4,0
66,66,66,29
4,5,5,5
4,15,4
27,27,0
43,43,15,43,15,0
13,13,13,0,0,0,0
11,15,15
1,55,37
40,4,4
40,3,3
0,22,22
15,15,0
18,18,18,18,18
17,17,3
4,4,30,30
16,11,11,53
4,4,15,4
59,9,17
42,51,13
71,4,15,30
11,44,30,30
7,37,38
49,11,11
1,0,37
13,13,0
13,14,18
55,4,28
17,13,13,13
51,36,38
33,33,0
0,37,0
4,4,4,75
17,0,38,79
3,4,26,26,29,29,3
15,15,5
44,12,12
3,17,17
0,13,41
50,51,0
15,36,36
4,4,4,4,15,15
13,5,0
0,36,36
13,61,13,13
44,5,5
17,13,13
4,17,4,54
15,34,4
40,40,4
