29.0,29.2521,34.0849
29.0,30.0,32.0027,32.2548,32.5918,33.5068
31.0,32.0849,32.9178
29.0,32.4219,36.3397
28.0,35.5863,37.5014,39.589,41.4192,42.5041,45.011,45.5918,46.926,48.1753
26.0,33.3342,36.1671
24.0,27.0027,30.0055,31.0055
29.0,30.589,32.0027
29.0,30.4137,32.0849,33.1726
29.0,31.9178,34.2548,34.3315,37.7534
30.0,33.1699,34.0027,35.1699,36.3425
24.0,25.8384,27.2521,28.8411,30.674
31.0,34.337,35.8411
31.0,38.0055,44.3425
26.0,26.8329,28.0877,29.0877,30.589
29.0,33.0027,39.589
31.0,32.0,33.0,33.2521
30.0,34.7507,37.3342,39.7534
26.0,29.0,30.9205,32.1726
30.0,31.2548,32.926,33.5068,36.1726,36.8438
29.0,29.5014,31.589,33.1699
31.0,32.0849,32.6712
28.0,28.3342,29.337,31.5836
31.0,32.7507,35.4164,36.5014,38.0055
31.0,31.337,32.1671
29.0,30.2548,32.0877
28.0,29.7479,32.0849
29.0,29.2521,30.0027,30.2548,31.0027,31.674,32.2548
24.0,25.1726,27.9205,28.9233
24.0,24.4959,25.3342,26.0
25.0,26.8356,28.9205
29.0,30.0849,30.2521
31.0,34.0849,35.0877,35.8356
28.0,34.9205,42.5918
30.0,31.0,32.2521
25.0,28.2493,30.6712,32.2521
30.0,32.0822,38.2575
25.0,26.9151,29.1699
25.0,27.0027,28.0027,28.7534,31.0055,32.7562,33.6712
30.0,30.4192,31.9178
31.0,37.3397,41.674,45.6767
28.0,28.6712,29.0,29.7562
22.0,23.3288,28.2493,29.7534,31.9205
28.0,28.6712,30.2548,32.7589
22.0,22.6712,27.9205
22.0,23.0027,28.3425
22.0,25.5068,31.5096,33.5123
31.0,32.1671,35.589
29.0,29.1671,30.1671
24.0,25.1699,28.0877,30.5096
22.0,22.9205,27.4192,32.2603,34.2603
24.0,25.4137,28.4986,32.0055,33.0055
24.0,27.4219,32.8384
24.0,26.0,27.0,29.0027
31.0,36.5068,39.5096
29.0,29.5863,30.0822,31.8356
28.0,30.5068,31.7534,34.4247
22.0,24.4986,27.0027,28.0027
26.0,28.5041,29.8356,31.3397
28.0,32.8356,33.2548,34.5836
29.0,31.0027,34.0055,37.0055,39.0082,43.011
28.0,30.0,31.8356
29.0,35.0055,36.0055
25.0,25.6658,26.6658,28.1644
25.0,28.2521,30.3397,32.1726
31.0,36.4192,40.2603,43.5096
29.0,31.0027,32.7507
30.0,31.0,32.2521,34.0877
22.0,23.4192,24.5041
28.0,31.5041,33.8384
29.0,29.8329,31.2521
30.0,32.7479,37.0849
22.0,26.0027,33.0082
30.0,30.1671,35.589
30.0,32.5863,33.7507,37.7534
22.0,25.8356,30.1671
31.0,33.5041,38.2548
26.0,27.0,28.0767,30.5836
28.0,28.4959,29.4959
29.0,33.0027,36.2521
22.0,26.5014,29.0904,36.4247
30.0,32.0,33.4219
29.0,32.1644,36.0822
28.0,31.337,32.4219
30.0,32.8356,33.0877
28.0,29.0,30.2521
22.0,26.9178,28.0027,30.4247
26.0,28.5041,28.8356,30.1726
26.0,27.0822,29.4986
22.0,22.4986,24.5836
31.0,31.2521,31.6712,32.0849
28.0,31.5014,32.8356
30.0,31.2548,32.1699,34.0877
22.0,23.589,24.9205,25.2548
31.0,37.9205,39.1726
24.0,26.0,28.0877
24.0,28.3397,31.5945
22.0,22.3342,22.8329,23.8329,24.8356
30.0,36.0027,37.0027
24.0,24.5808,27.0877,28.2493
26.0,28.1699,29.4219,31.589
30.0,30.4192,32.0
28.0,34.0877,38.589
31.0,31.663,32.0
29.0,30.7507,33.9178,36.1726
28.0,34.9178,38.3397
24.0,25.2493,27.2493
22.0,22.6712,23.9178
26.0,30.0027,34.0055
24.0,25.8329,29.674,31.0027
25.0,26.0,26.6658
25.0,26.0,27.0,30.3397,34.3425
24.0,25.6685,31.1699
22.0,26.0027,28.0849,33.0082,34.2603
26.0,31.4192,33.2575
26.0,27.6658,28.3315
24.0,24.2521,25.0849
26.0,29.0877,32.8384
31.0,37.1699,42.1726
22.0,28.0055,30.1726,32.1753,35.1781,37.0932,37.8411
28.0,29.0822,31.2548
30.0,31.0,33.0822,34.337,39.3397,42.3425,44.6712,47.5918,48.3452
24.0,24.2493,25.6658,26.4219,28.5836
31.0,33.5041,35.0877,36.1699
28.0,29.0,30.8329,31.6685
30.0,32.589,38.7589
22.0,38.9288,40.7644,43.8466
29.0,32.0027,34.0849,37.0877,38.5014
29.0,33.0877,37.6767,38.5945
25.0,26.9151,33.2575
25.0,28.1726,29.5918,32.1753,33.3425,34.0055,35.5945
22.0,23.6685,27.7534,30.5863
31.0,32.0849,34.0027,36.0027,39.6767
31.0,32.589,34.8411
26.0,30.7562,41.8466,42.8493
28.0,29.4219,32.337
22.0,26.0027,27.0877
30.0,37.5014,39.8384,40.8384
28.0,29.0849,31.4192
31.0,38.5918,44.6795,47.1781
24.0,25.0822,28.0027
22.0,25.0849,25.337
28.0,29.0,32.0027,34.0027,34.6712,37.2521
28.0,33.6685,37.4274,41.2603,43.011,44.011,44.6767
29.0,30.0027,31.337
25.0,26.5014,29.589
31.0,31.7479,34.3342,37.4219
29.0,33.0795,36.4164
31.0,31.9178,33.1699,34.0,34.589
25.0,33.2575,36.6767
28.0,28.9178,30.0849,34.2548,36.7534,37.9233
22.0,27.4219,31.0055,36.6795,40.3452,41.6822,43.4329
26.0,30.9178,33.337
24.0,24.7479,27.0027
29.0,32.4986,33.0027,33.9178
26.0,26.6712,27.6712
31.0,33.6712,36.5068
28.0,31.2521,34.7589
26.0,27.0,29.0027,32.0027
31.0,32.4164,34.4986,36.0877,38.5014
26.0,26.337,28.8356
24.0,28.4219,32.7616
30.0,31.411,33.0
29.0,30.5863,34.0849,36.0877,37.7534,38.4247
29.0,31.7589,35.3425
30.0,33.0027,37.0055,41.0082,44.011
31.0,34.9205,38.3425
25.0,27.1699,29.0027,30.4219
24.0,28.0027,30.0027,33.0055
30.0,33.0849,33.6658,34.0027
25.0,26.2521,30.9205,32.0904
29.0,29.2521,31.0,31.5863
28.0,30.6685,36.1726
24.0,26.9178,30.2521,31.9205
22.0,25.4986,31.7562
31.0,34.0795,35.6658
25.0,28.7507,29.5836,31.2521
31.0,32.1671,33.9178
28.0,31.6658,33.6658,34.2466,34.6658,34.8329
26.0,27.6658,30.5068
22.0,24.5041,25.7562
30.0,31.2521,34.0027
22.0,24.5808,27.6685
30.0,31.5808,34.5836
29.0,29.2521,30.0027,32.9205
22.0,24.0027,26.5863,38.4274
22.0,22.2521,22.6658,26.2548
31.0,31.8329,32.0849,32.4192
30.0,32.4959,36.0849,39.5863,40.9205
29.0,33.7534,34.5863,36.1726
24.0,27.0027,27.3397,28.3397,29.1726
29.0,30.9178,34.0904
25.0,26.2493,28.0027
26.0,27.9151,31.4986,32.0027,36.8384
29.0,31.0,36.4247,41.3425,42.0904,42.8384
30.0,34.4192,37.0904,38.5068,39.674,40.0932
22.0,25.0877,28.0877
29.0,31.0027,34.0027
28.0,28.5863,29.0849,30.8356,32.337
24.0,25.0,25.9151,27.0
22.0,23.0027,24.0027,24.674,29.7616
24.0,28.7507,38.1753
30.0,30.2521,31.0849
30.0,32.0877,33.2548
30.0,31.0027,32.2548,34.0877
25.0,26.0,28.3342
28.0,30.6658,31.4219
26.0,29.0027,32.0055,36.8411,39.0932
22.0,23.0849,28.1699,30.8438,31.7589
30.0,33.0877,34.1726
30.0,31.337,33.1699,33.8411,35.9288,37.4247
29.0,36.1671,39.6712
28.0,28.5041,33.2575,34.6712,38.7589
24.0,25.7507,27.7534,28.7534,30.4219,31.0877
30.0,32.5918,33.5918,35.6712,38.7562
28.0,31.9205,36.0904,40.674
28.0,30.0027,33.1671
30.0,35.0027,38.0055,40.0055
25.0,28.5836,30.0795
29.0,31.9151,34.9178,40.9233,41.4274,43.9233,44.4274
25.0,29.0027,31.8384,34.0904
30.0,31.0,33.0
30.0,35.674,38.4247
30.0,32.0,35.0027,37.5014,41.0904
29.0,29.6685,31.9178,33.337
30.0,35.9205,41.3425,43.6767,46.6767,49.2658,50.3479
31.0,31.5863,36.7507
28.0,30.0027,36.0904,36.5041,37.5041,38.589,39.0082,39.7562
30.0,30.3342,32.2548,33.2548,34.2548
29.0,31.3315,34.9178,37.7534
26.0,29.6658,34.9205
28.0,34.0055,40.5068,41.4247,41.8438
24.0,24.7507,26.5836,27.9178,28.1699,28.5863
28.0,28.7479,29.8329
28.0,31.0,33.6685,35.0877,36.5014
25.0,29.1699,35.3425
25.0,26.0849,26.5863
24.0,24.6712,27.674
22.0,24.1699,26.0877
30.0,30.3288,31.0849
30.0,30.2521,31.6712
22.0,23.7507,24.3315
30.0,30.8329,32.4219,33.2548
25.0,25.9151,28.4164,30.8356,32.9205,34.0055,37.0932,39.8438,41.2575
28.0,32.2548,33.7534,35.5041
22.0,27.1699,28.337,31.5863
29.0,35.9288,37.9288,40.0932,42.1781,45.263
25.0,27.5041,28.9205
29.0,35.0849,42.1753
24.0,25.6658,30.7534
29.0,31.0027,31.3397,32.9205
30.0,37.3397,38.0055
28.0,29.4959,31.0795
25.0,25.9178,32.1726,38.6767,40.0959
29.0,31.0027,33.5068,36.0904,38.2603,40.926,44.1781
25.0,26.8329,28.4164,29.7507,32.9233,37.0932,40.5096,43.5096
26.0,32.5918,34.4247
26.0,27.0,30.5068,32.6685,33.0877,34.7562
31.0,33.4986,35.4986,36.4986
25.0,27.4986,29.1699,30.9205,31.8356,32.6685
30.0,30.337,30.7562
31.0,35.6685,37.5014,40.2548,42.4219,44.5918
30.0,33.5836,35.0877
24.0,28.1699,32.3397
24.0,29.1699,30.2548
26.0,32.0877,33.1671,36.0904
31.0,35.674,40.6795
29.0,30.1671,32.5014
31.0,36.0027,39.9233,41.1726
22.0,24.1671,33.3452
31.0,31.7507,33.0027,34.7507
24.0,24.337,25.0
31.0,33.1699,34.0027,36.2548
26.0,27.0822,29.9178,30.674
22.0,23.0,24.1671,25.6712
31.0,32.0027,37.1726,39.589
26.0,27.0849,28.0849,29.4219,32.4219
25.0,25.663,27.5808
30.0,32.0849,33.2521,35.926,37.4219,37.926
28.0,31.4164,35.4192,35.7534
31.0,33.4219,36.4247,41.0082
26.0,26.6685,30.2548
22.0,25.1699,26.0849
24.0,31.4219,32.0055
22.0,24.5836,29.5014,30.4192,31.8384
24.0,30.8384,31.4247,34.0904
31.0,32.6658,34.1699
28.0,32.6685,34.0027,36.5096,41.0082
26.0,27.0027,29.4219,31.6767,32.8384,33.7616
29.0,31.4986,32.4986
31.0,32.4219,34.7562
26.0,29.0,30.7562
22.0,25.0849,25.6712,26.9205
29.0,31.0877,36.0904
31.0,31.8329,37.3397,38.7562,40.1753,40.8384
24.0,25.0,26.2521,27.2521
24.0,32.0055,36.5918,37.7589,40.011
24.0,26.2493,30.4219
31.0,33.589,37.5918
24.0,26.4986,28.2548,30.9205,31.5014
31.0,31.6712,33.8329,37.2548,41.5918
26.0,27.1699,28.8356,30.1699,31.0877,33.4247
26.0,27.2521,28.0849,31.337
26.0,27.3315,29.0027,29.4986
28.0,29.7507,33.4219,34.6767,36.0877
29.0,34.7507,37.1726,38.2575
26.0,27.7507,29.4219,32.9205,35.4274,37.0082
29.0,29.337,29.6712
26.0,26.5863,27.0877
30.0,33.2521,33.6712,34.337
24.0,25.2438,26.4986,27.1644
25.0,27.0027,28.0027,31.0877,33.2548,37.0904
25.0,27.4192,28.4986
26.0,26.8301,30.7507
29.0,29.4959,35.8356
26.0,30.0027,31.7507
25.0,26.2493,29.8356,31.9205
30.0,37.5014,40.0082
30.0,30.4192,31.4192,35.1699
26.0,28.0027,29.0849,33.1726,37.0082,38.1753
31.0,31.5863,32.0822,35.0849,37.0849,38.7534,41.2575
30.0,30.337,31.337
30.0,33.4986,36.0849
31.0,33.589,36.0055,37.8438,39.6767,42.2603,46.1781
26.0,28.0877,29.7562
29.0,39.1753,40.8466,41.7616
25.0,29.8356,34.8384
22.0,24.9151,26.0877,26.4219
25.0,29.0849,32.2548
25.0,26.0,26.7479,27.337,29.5836,30.5014
29.0,29.8329,30.5014
29.0,30.0849,31.337
26.0,27.7507,28.7507,30.0027
31.0,32.0849,32.5041,34.0027
24.0,30.5096,31.5096,36.6795
31.0,32.1671,39.1726,40.5918,43.0082
31.0,33.5014,38.1753,43.4219
30.0,33.8356,37.8384,40.4247
22.0,23.4164,31.5041,35.6767,37.926
31.0,32.0,32.9151,34.0
24.0,24.9178,25.2493
29.0,35.1699,37.5096
29.0,29.8301,31.3342,33.4219,34.0027,37.5014,39.1726
29.0,32.0027,34.0055,38.5041
30.0,35.2521,37.5014
22.0,23.0027,24.0027
22.0,24.0027,29.0055,31.0904
28.0,32.0027,32.3397,35.3425,37.0055
30.0,34.0027,37.3397
22.0,23.2521,28.2548
30.0,31.4192,32.2521
29.0,30.3315,30.8329,35.0027,38.337
30.0,36.3397,39.0055
31.0,31.7479,33.7479
30.0,32.3342,33.6685
26.0,26.7562,28.0,29.0849
26.0,28.2521,30.4219,32.4219,34.7534,35.5918,37.0082,38.5096
22.0,22.0849,22.9205
22.0,23.0849,23.4986,23.7507
24.0,25.3342,26.3342,28.6685,31.1753,32.6712,34.2548
31.0,32.337,33.0877,34.4219
25.0,28.0027,29.4219,32.3397,34.4247,35.9233,39.2603,40.263,41.5973,42.5973
31.0,38.0055,41.0904,43.674
22.0,23.0849,28.7562,29.8384
30.0,31.9151,33.0,35.5836,38.5014
22.0,25.4219,27.4219
26.0,29.5918,30.7562
29.0,32.4219,34.7562,36.2575
24.0,24.7507,26.1699,26.7507,30.0027,31.2548,34.1753
26.0,26.7562,27.337
28.0,30.2548,32.5918
22.0,23.4959,24.3342,24.9151
30.0,31.3315,33.5836,38.0904
22.0,23.0,23.3342,24.5863,29.5918,32.5918
24.0,24.5863,25.3342,26.2521
25.0,32.1726,38.6822
28.0,29.2521,32.5836
28.0,33.7534,37.9233,38.589,40.0082
25.0,30.0027,31.0027,34.0877
24.0,24.6712,25.0,25.337,26.0,26.5041,27.5863
28.0,31.0849,34.1726,37.0055,38.3425
28.0,28.5863,29.0822,31.9178,32.7507
24.0,26.5068,31.0055
24.0,24.3288,24.6658,25.3315
28.0,32.3397,33.4219
26.0,28.6658,30.3315
31.0,32.0,42.8411
31.0,32.0,33.4986
24.0,25.2521,31.5014,33.6712
25.0,26.0,27.0849
22.0,24.8329,26.2493
25.0,26.3342,28.0849
28.0,29.1671,29.9151
31.0,32.7507,33.0027
30.0,30.411,32.9178
31.0,31.3342,32.0
29.0,32.7507,34.337
29.0,32.4219,34.674
30.0,30.7479,31.0795,37.2493
28.0,30.0,30.6712
29.0,31.2548,35.9205
29.0,30.5836,31.7507
31.0,36.5836,38.0055,43.5041,47.011
29.0,30.9178,32.2548
29.0,30.6658,32.8356
30.0,31.337,33.0027
22.0,24.0849,27.7534,28.1726,29.7534,30.3397
30.0,31.9178,34.5014
31.0,32.2493,32.7534
29.0,33.0877,34.5068,37.3397
28.0,29.5808,31.0822,32.4986,33.0849
25.0,25.4959,27.1671
22.0,23.6712,26.0027,28.9205
31.0,32.0027,35.0849
28.0,29.5808,30.8356
26.0,36.0082,43.9288,46.3452
28.0,33.5014,34.5863
22.0,22.2521,22.6712
22.0,23.8356,29.0904
25.0,29.0027,30.2548
22.0,24.0,28.0027,30.0055,32.0055,35.0082,36.0082,38.011,39.011
28.0,31.1644,36.0055,38.5041
29.0,31.0027,32.9178,33.8356
29.0,30.0822,31.2521
31.0,31.4137,32.4164
28.0,30.1699,37.2575,40.4274,41.3452
22.0,25.0027,26.0027,30.8411,34.0904
26.0,26.5808,27.6658,29.0849
25.0,26.2521,26.8329
29.0,33.337,35.7562,38.1726
24.0,25.0,26.6712,26.7507
24.0,25.7479,29.0849
22.0,22.6658,24.5014
29.0,31.0,34.3397,38.5096
31.0,32.3342,35.2548
28.0,34.1699,35.9205
24.0,29.1644,30.5014,31.9205,34.2548
24.0,26.8329,28.0877
31.0,33.0822,34.1671,35.7507,39.1726,40.5863,41.0877
30.0,37.5041,39.4247,42.5096,43.1753,45.0904,46.8493,48.926
26.0,29.5918,32.3425,34.0904,36.8411,37.926
26.0,29.4219,32.5096,35.0082
26.0,27.1699,29.3397,31.2575
31.0,32.0822,34.0027,35.0849,35.8411
22.0,25.8356,29.0055,32.674
31.0,34.4986,35.3315,37.4986
31.0,35.0027,38.0055,38.5096
28.0,34.5863,36.0822,38.4192,41.0082
25.0,28.0027,29.8411
30.0,32.1699,34.9233
26.0,27.0,28.3342,31.8356,33.4247,34.3397,36.3397
22.0,30.0055,31.0055
22.0,24.0,25.5041,28.2521
29.0,35.589,38.2575,39.7534
24.0,25.4137,29.2548
22.0,30.3342,31.5863,34.1699,36.337
31.0,32.4959,34.4986,36.0027
22.0,22.4137,24.8356
24.0,26.9205,30.0055,33.4274
28.0,28.5863,29.1671,30.3342
25.0,25.6712,26.1671,27.1671,27.6712
26.0,26.5041,36.8411
22.0,24.5014,25.6712,26.8356,29.337
29.0,30.0877,31.0877,32.0027,33.0877,35.1726
26.0,28.411,28.8301
24.0,25.1699,25.7507,26.2548,27.4219
22.0,23.0,23.6712
26.0,27.5863,31.674,33.674
29.0,30.4959,35.5836
22.0,25.4192,26.0027
22.0,26.1644,28.0027,30.5014
30.0,30.7479,33.7507,34.5836,37.4219
29.0,30.5041,31.337
26.0,27.0,28.0
29.0,35.4247,40.5123,42.5151,43.5151
22.0,24.7479,28.4986,29.5014
22.0,25.589,26.589
29.0,30.0,32.9178
30.0,32.1671,34.4219,37.3397,44.3452
30.0,33.3342,34.337
29.0,29.9178,32.7507,37.9233
25.0,25.663,26.0
31.0,31.4137,36.4164,41.1671
22.0,26.674,29.0055,30.8438,31.5096,33.0932
28.0,37.0082,39.0082,41.2575
26.0,32.2521,36.0082
26.0,28.4192,29.0
29.0,31.6685,32.6685,34.5863
26.0,31.0027,35.0904
26.0,26.337,30.0027
28.0,29.0849,31.4219,33.8356
29.0,31.4219,35.5863
22.0,27.2548,30.3425
26.0,27.1699,28.9205,31.6767
26.0,29.7507,31.9178
28.0,32.7507,35.1671
24.0,25.7479,27.3342
25.0,25.589,28.2521
26.0,26.8329,27.6685
24.0,25.0,26.1671
30.0,31.4986,32.5836
31.0,31.9233,33.5863
28.0,31.2493,31.5836,34.5014,35.3342
31.0,31.8329,32.1671
28.0,36.2575,38.0082,41.5918,43.1781
31.0,33.7507,34.6658
31.0,38.0055,43.7562,45.926
29.0,30.7507,31.0027
22.0,28.0877,34.5041,35.0082,35.337
25.0,27.0027,28.5014,29.4164
24.0,25.0,27.9205,29.2548
28.0,29.1616,30.3288,32.8356
31.0,32.0027,32.674
24.0,24.5863,26.0027,26.7507,28.2548,29.4219
25.0,26.6658,28.8356,31.3397
25.0,29.1699,32.0877
29.0,36.0055,37.0055,39.0082,42.7589,45.5945,51.4301,51.7644
22.0,25.0,28.674,31.8438
31.0,32.1671,33.5836,38.5041,40.8384
24.0,25.1699,26.5041
30.0,30.337,30.7507,32.5014
28.0,28.8356,30.0027
28.0,29.2521,30.2521
22.0,22.4986,24.6658,25.3342,25.6685,28.2493
26.0,27.0795,30.2493
31.0,33.3342,34.8356,37.337
31.0,36.4986,40.5014
31.0,35.0027,42.0082,45.5973
26.0,30.4219,31.4219
30.0,32.9178,33.5041,35.5918
30.0,32.8356,34.0027
24.0,29.1726,30.2548,34.3425
25.0,27.4137,38.8411
24.0,25.7507,28.4219
22.0,23.663,24.7479
29.0,33.4219,39.0877
29.0,30.2521,32.2521
22.0,26.9205,30.5041,34.7589,37.8411
30.0,30.9151,32.9178,33.9178,34.9178
31.0,36.0055,39.0055,43.0082,45.011,47.011
24.0,30.2575,34.0932
31.0,32.2521,35.9178,37.0877
30.0,32.9205,33.8356,34.1726,35.8384
29.0,29.589,30.0,31.589
29.0,32.9178,36.9205
26.0,26.5836,27.6685
29.0,34.674,40.1753,45.3479
28.0,28.9205,31.0027,31.8356,34.4247
31.0,33.8356,34.8356,35.7589
24.0,24.2521,28.0027
28.0,29.7507,31.9178
30.0,32.8329,34.5918
25.0,27.337,29.8356,33.0055
26.0,27.5808,29.3397,31.0027
30.0,30.5836,31.4986
22.0,23.4192,25.0877,27.7507,30.2575,30.9205
24.0,27.9205,29.2575,30.7616
31.0,33.0,34.6685
24.0,26.2521,27.5041
29.0,31.8356,33.2548
28.0,31.2521,38.4247,39.4274,41.7616
31.0,32.8329,34.9178
30.0,32.0027,33.0027,34.2548
30.0,31.7479,33.5836
29.0,30.5041,31.5068,33.3397
28.0,31.0027,32.0027,36.0055
25.0,26.6685,29.0027,29.7507
31.0,35.2548,36.5068
24.0,24.2521,29.3397
25.0,27.1726,29.1726
25.0,29.7534,30.2548
31.0,33.0027,35.7562,37.0055
31.0,31.7507,32.5068,34.4219,37.1726
25.0,28.2548,31.2548
29.0,31.0877,39.674
24.0,25.5863,26.0,28.2548
30.0,30.9178,32.1699
26.0,27.0849,28.9205,30.4219
26.0,27.0,30.4219,33.2548,34.0055,34.5068,37.7562
26.0,38.6795,43.263
25.0,26.2493,26.7534,28.0027,30.5041
28.0,31.1699,32.8356,38.7562
31.0,32.4959,33.4959
31.0,33.0,37.589,42.3397
28.0,29.5863,30.7562,31.7562,33.9205
28.0,29.0,30.1671
30.0,30.6658,31.337,32.0027,33.0027
24.0,25.8356,29.5863
25.0,25.9178,27.1699,32.1753,32.7562,34.1753
29.0,29.4192,31.0
29.0,32.9178,33.4986
25.0,27.4959,28.1671
25.0,27.0,27.4192
25.0,30.5836,36.589
26.0,30.9205,32.9233,34.8384
30.0,31.0,31.5863,33.2548
31.0,34.0027,35.6658,36.4986
28.0,33.6685,35.6712,36.8384,37.7534
31.0,32.8356,33.0877,33.9178
30.0,30.8301,36.2521,37.0849
25.0,25.8356,28.337,31.0055
31.0,34.0822,35.1699,37.7562
26.0,26.2521,27.4192,31.8384,34.0904
30.0,32.2548,36.5096,37.9233
31.0,35.0027,42.0082,45.011,46.011,54.0164,59.0192,61.0219,66.7726,69.7753
25.0,26.0,28.0027,28.5918
22.0,22.5836,25.6685,26.3342,26.5863,27.0055,27.4192
30.0,35.1699,39.9205
28.0,29.0,30.1671,32.674
29.0,30.1699,32.0849
29.0,31.7534,35.2548
29.0,29.9151,33.3315
25.0,25.2521,26.7479
25.0,26.0,27.9151,30.0027
24.0,31.0055,36.0082,37.0082
26.0,28.0027,30.0027,31.3342
30.0,34.0027,37.0849,37.4219
29.0,30.337,31.0849,31.337,32.1671
25.0,27.589,31.1726,35.1753,36.5096
31.0,32.0,33.6712,34.9178
25.0,26.0,27.7507
31.0,33.0,36.0027
26.0,26.4192,28.7507
30.0,31.9178,34.0027
25.0,27.0822,27.9151
31.0,33.5014,33.6685
25.0,26.3342,27.3342,28.337,30.1699
28.0,33.3342,34.9205
25.0,28.0849,29.0849,30.6712,32.5918,33.0055,38.0904,39.926,40.8493,43.4301,47.263,48.1836,49.5178,50.5178
28.0,29.4192,30.8329
25.0,29.6712,30.9205,31.1726
30.0,32.0027,37.0055,37.7534
22.0,27.0027,30.2575,33.4274,34.4274
31.0,34.0027,36.0027,38.0877
25.0,25.3342,26.7479
22.0,23.2466,23.4137,23.6658,24.1699
25.0,36.1753,36.9233
29.0,31.0027,35.0904,39.8466
31.0,32.4986,33.0,34.0849
28.0,28.1671,31.0822,35.1699,36.9205,37.3397
22.0,22.5808,24.0,26.0849,30.3342
25.0,25.663,26.0,26.3342,27.663,27.9151
24.0,25.3315,27.4137
28.0,31.2521,34.589,38.8384,39.5096
28.0,29.0,32.9178,33.5041
31.0,34.2548,35.0027,37.0877
24.0,26.1699,28.6658
26.0,27.7479,29.0877,30.8356,31.6685
24.0,27.5068,29.6712,32.4247,33.7589,35.5123,37.5151,38.8438
26.0,28.2466,29.4164
31.0,35.3315,35.5836,40.5014
29.0,31.5068,33.4219
30.0,31.0,31.589,33.2521,37.1726
28.0,28.7507,31.337
25.0,25.6712,26.2521
30.0,35.1726,38.589,38.8411
28.0,35.0055,36.5014,40.6712,41.926,44.1726
28.0,39.1726,40.589
29.0,30.4219,31.9178
31.0,32.0,33.337,36.2548
29.0,35.0027,37.4192
28.0,33.5068,38.5096,41.5123,42.5123
31.0,31.2466,32.1616
25.0,26.8356,33.6767
31.0,32.2521,38.2575,39.1726
30.0,32.2521,33.589,35.1699
28.0,29.6685,32.8384,34.1726,35.1726
24.0,25.5041,25.9178,27.1699
29.0,29.8356,31.1699
28.0,30.0027,31.8356,34.6712,35.6712
30.0,30.663,31.0,31.6658,34.337
22.0,24.9151,26.2521
26.0,30.0877,31.337
31.0,33.7507,34.4219,35.4986
31.0,37.0027,38.0055,39.0904
25.0,26.7534,34.0904
22.0,23.1671,24.5863,25.2548,26.2548,28.0027
26.0,28.4192,32.9205,34.5918,36.5918
22.0,32.2575,33.8411
22.0,23.0,25.0,31.0055,33.0055,35.0082,38.011
29.0,32.2548,36.8384,38.2575,39.5096,40.9233,41.4274,42.4274,43.8438,45.3452,45.8438,46.263
25.0,29.5863,31.0055
25.0,26.0849,28.5041,31.0877
30.0,30.4137,32.5014,33.8356
29.0,35.6712,37.5096,38.9233
25.0,26.7479,27.5808
25.0,27.5836,31.6685
24.0,28.0027,35.2548,42.3397
22.0,22.9178,24.7507
25.0,29.2548,33.8384
25.0,28.4219,35.3397
22.0,29.5096,32.5973
22.0,24.4986,27.0877,29.0055
25.0,27.8356,31.0877
22.0,22.411,26.2466
31.0,33.8356,34.6685
29.0,29.5014,31.8384,34.9178
22.0,23.6685,27.8384,28.5014
22.0,22.2521,27.1699,32.5918
31.0,35.2466,37.0822
28.0,29.9151,30.6712
31.0,31.6712,32.7479
26.0,28.0027,31.0055
29.0,30.9205,33.0877
31.0,33.1699,34.1699,34.4219,35.1699
28.0,28.9178,30.7507
29.0,29.3288,29.5808,30.1644
26.0,26.4164,28.4164,28.9178
25.0,26.8384,27.8384,29.8411
29.0,30.2521,31.8329
25.0,31.7534,34.8356
22.0,23.1699,25.2521
24.0,25.1671,27.4192
24.0,28.0877,28.6685
25.0,29.0849,38.0904
29.0,30.0849,33.5068
30.0,33.0027,34.8384
22.0,22.6712,23.2521,24.0849
24.0,24.5863,26.0822
25.0,26.9178,31.0055
25.0,25.5863,26.1671,27.1671,29.5068,31.1699,33.0055,34.2575
26.0,29.6685,32.6712
25.0,28.1699,36.6712
24.0,24.7534,27.7562,31.5918
28.0,29.3342,33.337,34.7507
29.0,30.0,30.4192
22.0,23.2521,28.1699,29.0877
30.0,32.1644,33.4137
30.0,34.4192,35.2575
30.0,31.0,31.2521,32.5068
30.0,31.1699,33.5041
31.0,31.6658,33.0849,35.2548,37.3397
24.0,26.0027,28.0877,30.8384
22.0,26.1699,28.4219
26.0,27.2493,29.5014
25.0,31.1726,39.0082,40.0082
29.0,29.6712,30.2521
29.0,31.0027,34.2521,36.2521,37.3342
29.0,31.0849,33.0027,35.4219,36.8384
30.0,30.6712,32.9178
25.0,28.7507,33.0055,34.0055,35.2521
29.0,30.0,30.7507,31.7507,32.589,33.4219
29.0,33.5836,34.5863
24.0,24.2521,24.6712,25.5041,27.5041
29.0,34.1699,37.7589,39.674,42.5945
25.0,26.8356,27.3315
26.0,26.6658,32.6712
22.0,23.0,23.7479
31.0,32.4192,33.8329,35.0027
31.0,32.1671,33.3342
22.0,23.2548,25.9205,27.5096,28.3425
29.0,30.0027,31.1726,34.2575,36.6712
22.0,23.0,23.6712
22.0,22.5041,23.5068,24.926,26.589,27.1726
25.0,30.1699,33.0877,34.7534
29.0,42.0932,42.674,45.926,47.011
22.0,23.0,24.0027,32.0082,39.1753
28.0,29.0767,30.6658
24.0,24.5014,26.4192,27.9178
28.0,29.1726,32.9233
31.0,32.7507,33.4219
22.0,23.6658,26.3315
30.0,31.5863,37.7534
26.0,31.0849,35.5918,39.3425
31.0,33.589,37.3397
28.0,39.6767,41.1753
24.0,26.0,28.0027,29.5836,31.0027,33.3397,37.1753,39.0932
25.0,30.5836,35.6712
25.0,26.1699,29.0027,30.0055,32.0055,34.5945,38.7589,40.7589
22.0,23.0,23.6712
29.0,33.8411,39.3397
26.0,28.2548,29.5918,32.8384,35.3452,37.1781
24.0,25.0849,25.5863,26.2521
22.0,24.2521,27.0849
26.0,28.5041,29.5068,31.1726,34.5945
31.0,32.5041,34.337
22.0,23.3288,24.4959,25.0849,26.1644,27.1644
31.0,35.2548,36.589,38.589,41.5096,42.4247
28.0,28.6712,29.2548
28.0,29.0767,30.5808
24.0,25.0027,26.337,27.5068,28.2548
22.0,28.674,32.0055
22.0,24.5836,29.1753,30.7589
22.0,26.3397,28.9233
29.0,33.0027,36.7562,41.1781,41.7616
24.0,25.8329,26.9178,27.6658
22.0,23.4192,27.3397,30.7562
22.0,23.0849,27.4164,32.0904,34.674,36.5918
29.0,31.0027,33.0027
30.0,30.6712,32.5863,33.3342
29.0,34.0027,35.6712
24.0,25.6685,26.1726,27.9205
30.0,32.5836,33.1644
31.0,37.8329,40.4247,43.6712
25.0,30.0027,32.7534,36.926
28.0,29.0027,31.5918
25.0,30.0027,31.5863
22.0,23.4137,25.4164,26.6658
30.0,33.926,34.674
24.0,32.0055,33.7534,35.7562
25.0,27.589,29.674,33.5096,36.0932,37.5945
28.0,29.1699,32.1726
29.0,36.4247,38.5096
24.0,26.2548,28.0877
24.0,25.7534,27.3342,28.2493,30.0055,31.4192,33.0904,35.0932,36.674,37.6767,39.3425,39.8438
30.0,30.9178,34.9205
29.0,30.1699,32.9205
24.0,26.1699,26.674,27.674
29.0,30.2521,31.4192
30.0,31.411,34.4137
25.0,25.1671,26.5041
29.0,30.1699,31.5041
30.0,33.6685,36.2575,37.4247
26.0,27.7507,33.0877,36.5041
31.0,32.0,34.674
28.0,29.9233,30.5041
31.0,33.0027,33.7562
31.0,32.9178,33.8356,35.8384,37.5863,38.1726,38.7534
24.0,26.1671,28.8356
26.0,31.5836,36.1671
22.0,25.0027,28.0877,29.0055,33.4274
31.0,33.1699,35.0027,35.7534,37.0027
22.0,22.9205,23.7534,24.3397
26.0,28.0822,28.9178,29.9178,30.4219,31.4219,32.589
28.0,31.674,40.1753,42.6795,45.263
31.0,32.2521,37.5863
31.0,36.2548,37.1699,42.6767
29.0,33.1726,34.4219
26.0,28.0877,30.0027
22.0,26.0027,27.2548
28.0,28.8356,31.7507
22.0,23.9151,25.4164
25.0,26.0849,29.1699
31.0,33.1726,35.0027
28.0,30.0849,31.337,31.5836
26.0,29.0849,31.5863,32.8356
26.0,26.3315,27.2493,28.6685
25.0,25.9178,27.0027,28.0849,29.589
26.0,30.0027,33.4247
22.0,24.7507,26.3397
26.0,28.0,29.2548,30.0027,31.0027,32.2548,34.0877,36.3397
31.0,33.5863,34.0027
31.0,31.5808,35.0795
24.0,25.4219,27.2548
30.0,30.6685,35.5014
31.0,33.7507,38.3397,41.7562,42.8384
24.0,26.0849,26.7507,32.0055
25.0,27.0,29.5836,33.4192
29.0,31.7507,33.0849
31.0,34.8356,38.0027
29.0,29.663,32.6658
30.0,34.6685,36.337,38.0904,39.0904,40.926
26.0,27.589,28.0877,30.8384,32.3425
30.0,31.0849,32.0849,33.1671,34.7589,36.1699,36.589,37.9233
28.0,32.0877,35.0904,36.4192,42.9288,43.6767,45.8466,49.263
29.0,30.3342,30.5014
25.0,28.0795,30.2466,33.6685,35.7534
24.0,26.0849,28.7507
26.0,28.0,29.0,32.0027,37.0055
30.0,31.4192,32.0877,34.4219
25.0,28.6658,33.6712
28.0,31.1699,33.2548
31.0,34.0,42.0055
25.0,26.0,28.0027,30.0027,31.0027
25.0,30.8384,33.0055
30.0,32.0,32.7479,33.0,35.589,38.0055
30.0,42.6767,43.7589,44.8438,45.1726
25.0,27.4219,28.1699,32.9205,37.0082
22.0,31.7534,38.263
25.0,25.7507,26.0849,27.8356,29.5014
31.0,31.7479,32.8329
29.0,30.6685,33.0027
29.0,30.4192,30.8329
29.0,29.589,32.5068
29.0,31.589,34.5041,37.5918
22.0,26.0027,33.674
28.0,34.0027,38.4247
31.0,34.4164,35.4192
25.0,27.2521,27.589
30.0,31.0,33.0
25.0,27.1699,28.7589
28.0,29.4192,37.7562
30.0,30.4192,33.8356,34.4219
30.0,36.6712,39.2548
22.0,22.6712,27.0849
25.0,27.2548,28.2548,31.0055
22.0,23.0,24.0027
26.0,27.9151,30.0877,30.337,31.337
26.0,27.5836,29.8356
22.0,23.5863,24.7507,27.4219
26.0,28.0027,29.0027,31.0027,33.0055,37.589,38.7562,40.7589
30.0,31.0,31.6658
29.0,29.4959,30.5836
28.0,34.0904,35.0055,39.0932
24.0,26.9205,28.0027,31.5945
26.0,27.8384,31.8411
24.0,25.1671,31.5068
31.0,33.3315,38.5014
31.0,35.2521,38.5068
29.0,35.589,37.8438
25.0,26.8384,27.8411,30.0877,31.5096
31.0,34.589,39.8438,40.8438
30.0,31.4986,34.1726,34.5836
31.0,33.3342,36.8329,39.0055,40.0877
24.0,26.4959,34.5014,35.589,38.674
30.0,43.9315,49.3452
24.0,25.0877,26.0027,28.0877,31.0055
28.0,28.6712,29.7507
24.0,24.4137,26.0849
29.0,30.0,34.3397
26.0,31.0027,31.337
31.0,33.589,35.337,35.9205,38.0877,39.2575
24.0,25.7479,30.0027
24.0,25.5041,26.8356
30.0,42.674,44.0932
30.0,33.2548,35.9233
25.0,29.3397,32.7562
26.0,26.8384,28.4192,29.4192
30.0,34.6685,38.0055,39.1753,39.6712,42.1753,44.4301
26.0,29.1726,30.1726
22.0,23.2521,23.7479,24.7507
25.0,34.4274,36.0904,37.1753
22.0,27.4219,31.6685
22.0,24.4219,25.4219,26.4219
25.0,25.4959,26.2466
24.0,24.3288,24.6658
28.0,30.2521,32.8356,34.2548
30.0,31.3342,33.1699,34.589
29.0,31.2493,32.3342,34.0027
22.0,26.6658,28.9205,30.0877
30.0,32.0,33.4986
31.0,33.0027,35.4986
30.0,31.2521,32.674,35.5068
24.0,24.9151,27.6658,30.3315
29.0,30.8329,31.4986,33.0027
25.0,29.5068,31.0904,33.926
25.0,27.0849,28.1671,29.6685
25.0,30.0027,36.0055
24.0,24.6712,25.1671,25.6712,29.0877
24.0,29.1699,29.9178,32.1726
26.0,27.4137,29.3342,31.7534
30.0,31.8384,32.7534
31.0,37.9233,41.8411
31.0,33.0877,35.2548
30.0,31.0,31.8356,32.1699,33.4219
30.0,33.0027,34.6685
31.0,32.0849,38.7562
30.0,32.589,37.0904,37.5096
22.0,26.0027,35.011
29.0,30.0,30.4986
30.0,30.6658,36.8356,38.4247
28.0,29.0849,31.4192
28.0,30.0027,31.1644,36.589,39.5041
29.0,31.0,31.337,40.0055,45.0959
30.0,32.1644,34.6658,37.9205
30.0,32.5836,34.1699
28.0,28.4164,29.4986,30.4164,31.5836
22.0,24.8356,33.8411,34.5945
30.0,33.0027,34.9205,37.3397
31.0,33.8329,35.0849
22.0,26.337,26.8411
29.0,32.0,40.0055,42.674
31.0,33.411,36.5836,37.3315
30.0,34.0795,39.0849
30.0,32.3342,34.5068,36.0027
31.0,31.7534,33.7534
24.0,25.9178,33.9233,36.7589
22.0,22.9178,23.7479,23.9178
25.0,25.2521,26.2521
26.0,27.7479,28.0,28.7507,28.9178,29.6658,30.4219,31.8329
31.0,31.7562,35.0027
22.0,22.9151,28.7507
31.0,32.0027,32.4219,36.0055,37.7616
29.0,30.2548,31.2548,31.9205
25.0,28.4219,29.6685
29.0,31.7534,36.2521,37.7589
28.0,38.2575,41.0904
29.0,31.0027,33.0027
30.0,30.2521,30.7562,32.0849
30.0,32.0877,34.0027
22.0,22.8329,26.0027
29.0,30.0877,31.8356,33.3397,35.2575,36.5096
22.0,26.2548,28.5863
29.0,35.0055,36.7534
28.0,28.6658,30.3315,31.1699
24.0,25.5014,26.6685,27.0027
24.0,27.9205,28.6712
28.0,33.0904,35.9233
24.0,26.1726,28.1726
26.0,28.0822,29.2493,32.2521
31.0,32.3315,32.5808
28.0,30.7534,31.4164
22.0,24.6685,27.6685,29.7534,30.7534
28.0,32.0027,38.0082,42.011,47.0137
31.0,31.663,31.9151
24.0,25.2493,26.7507,30.1671,31.3342
29.0,31.5041,34.1726,37.7562,39.0055
24.0,27.0027,30.0027,31.0055,32.0055
28.0,37.6712,44.1726,46.8438,51.7644
29.0,29.7479,30.8356,33.0877,33.9178
31.0,36.0055,42.0082
25.0,26.5014,27.8384
29.0,31.6658,33.337,35.7534,37.8356
30.0,32.4219,34.4219
26.0,26.4137,26.6658,27.4986
22.0,23.0,28.0849,30.3397,31.9205
28.0,37.0055,44.3452
25.0,26.0849,26.9178,28.674,29.8384
30.0,30.9151,34.4137
29.0,29.9151,31.3342
29.0,32.7507,34.4164
25.0,25.5863,31.7534
30.0,31.0849,32.337,37.0904,39.5096
31.0,31.6712,37.8411
25.0,26.0,30.2548,30.589,31.4219
25.0,28.2548,35.8411,40.011,40.4247,43.263,44.7616,46.3507,50.1014
31.0,32.5836,33.337,34.6685,36.2575
25.0,26.337,27.6712
25.0,26.4959,34.0877
22.0,23.1671,24.1699,29.8384
22.0,22.7479,24.1671
30.0,32.8356,35.8384,38.2575
30.0,34.674,36.2548
25.0,35.6712,37.589,39.011
22.0,23.5863,24.8356,26.8356,27.5041
29.0,31.0,32.7507
24.0,27.0027,28.1699,31.1726
26.0,29.6685,31.4164,32.5041,36.4219
25.0,29.0027,39.2575,41.8466
25.0,25.5041,25.9178
28.0,34.3397,35.0055,39.5123,41.0932
22.0,31.9233,35.926
28.0,31.7589,35.6767
22.0,22.8356,25.2548
22.0,22.8356,23.8356
25.0,26.1699,30.2575
30.0,32.2548,34.1699,36.8384,37.8384,41.0082,43.3479
24.0,25.0,26.5014,27.2493
22.0,23.2521,24.337
28.0,32.5836,34.1726,36.3397
26.0,30.4219,32.1726,34.674,35.8438,36.6767
24.0,28.4219,29.4219
26.0,30.5863,34.0055
26.0,27.8356,28.5918,33.0055,33.5945
28.0,28.3315,29.3315,30.3315,30.6685
25.0,29.6685,31.8384
29.0,32.4986,34.4986,36.5863
26.0,26.5041,29.9178
26.0,29.7507,31.5863,32.1726,33.4247,34.0055,34.5863,35.3397
25.0,25.337,26.0,26.9205
26.0,28.4164,29.6658
31.0,34.0027,35.1671
31.0,37.3342,40.3342,41.9233
22.0,29.1726,29.9233
22.0,24.8301,29.0822
22.0,28.8384,30.9205
26.0,27.0027,28.0027,29.0027,29.4219,31.2575,32.8384
25.0,31.0055,36.5041,42.3425
29.0,30.1726,31.8356,32.5918
25.0,25.6658,26.4986,27.7507
26.0,26.6712,27.7507
31.0,32.1616,33.2466,34.3315,34.4986,38.7534
31.0,32.0,33.0,33.2521,34.5863
22.0,26.9178,32.4219
26.0,27.5808,31.5836,32.1671,35.8384,36.674,40.0082
31.0,34.6712,37.7562
28.0,28.7479,29.0822,31.2548,32.337
30.0,34.0877,36.4247,38.0904
28.0,29.0822,30.0,30.8301
28.0,28.9151,30.6658,32.4986,33.9178,34.9205,36.5014
22.0,27.5096,29.8384,31.0932,33.0082
22.0,23.7507,27.0027,30.0055,31.5945
29.0,33.9178,35.337
30.0,32.4986,38.8384,39.9233
28.0,32.337,35.4247,37.6795,39.9315
28.0,29.9151,34.4219
22.0,23.0822,24.5014
22.0,27.1699,31.8384,35.3452
22.0,30.6712,33.2548
29.0,34.1699,42.337
24.0,24.2438,25.0
26.0,26.4192,30.5068,33.8384
24.0,24.7507,25.8329,26.5041
31.0,32.3288,33.0,34.8356
24.0,28.0027,29.4192,31.2521
29.0,31.8329,32.5836,36.6685,37.2548,37.8356,39.0082,40.5041
24.0,26.3342,28.674
24.0,27.2521,28.7562
30.0,31.6685,32.6685,34.1699,34.5068,35.2548
24.0,26.4192,31.0027
25.0,25.8329,31.5068
22.0,23.3315,24.4986,25.1699,29.2521
30.0,30.7479,31.0,31.663
26.0,28.2521,30.7534,33.3397
26.0,26.9205,27.1726,27.6685
28.0,29.0822,30.3342
31.0,33.7507,35.6658,38.9205,40.5014
26.0,32.8384,33.7534,35.3452,39.5096
30.0,34.0027,35.5863,39.1726,41.4219,45.3397,45.4247
31.0,34.0027,47.011
30.0,31.0822,32.1671
26.0,30.7507,33.9205
30.0,32.337,32.6658
22.0,22.3342,26.6712,27.7562
29.0,30.0,31.0849,32.1699
24.0,24.7479,25.0,25.8356
30.0,31.0,32.0
28.0,30.0027,30.3397
26.0,26.6658,27.4137,28.1699
24.0,36.1781,38.2603
22.0,25.589,31.3425,32.4274
25.0,26.0027,27.2548
30.0,34.589,37.1699
26.0,27.4164,27.6685
31.0,34.1726,37.0055
29.0,34.2575,36.2575,43.263
24.0,24.5863,29.5918,31.5918,32.5918
29.0,29.5041,30.2521
29.0,29.2521,29.7562
24.0,25.6658,26.8329
24.0,25.9178,26.3315,27.1644
24.0,27.0877,28.0027
22.0,24.2548,26.6685,28.0055
30.0,31.4192,31.663
22.0,22.2521,23.0,24.0849,24.8356
22.0,25.674,29.7589
29.0,30.8384,33.337,36.3397,37.3397,38.7589
28.0,28.8329,30.1671
24.0,25.0849,25.9233
26.0,28.0,29.4986,31.8356,35.2521,35.7534,36.4192,40.0932
31.0,31.337,31.7562,32.8356
26.0,32.2548,36.3397
29.0,32.0027,35.0027,40.0082,44.011,48.3425
31.0,32.0027,32.2548,38.5918
22.0,29.1726,30.5068,34.0082,42.0137,42.4329,43.3479
29.0,30.2521,32.8411,35.2548,36.4247
26.0,27.0849,27.8329
28.0,33.5863,36.2575,36.8384
30.0,32.0,33.0027,35.4986
29.0,30.0822,33.337,38.7589
31.0,31.6658,32.1699
30.0,35.0904,35.7534
24.0,25.4192,27.0027,29.0027
25.0,26.0,28.0027,29.0027,32.0055
29.0,33.9205,35.4219,39.0904
29.0,30.5068,32.0877
22.0,23.4959,25.0795
25.0,25.2521,25.8329,28.3397
26.0,27.7507,28.0027,28.7507,29.0027
24.0,26.0,27.5836,29.3315
30.0,33.0027,34.8384,35.6712,36.6712,38.0055,39.8411,42.0082,44.011,45.011
31.0,32.1671,33.337,35.2548
31.0,32.0877,34.8356
28.0,29.0849,36.1726,38.5123
26.0,30.7562,33.1753,35.5973
26.0,30.3397,32.7562
26.0,26.9151,27.2521
30.0,33.0027,35.4137
31.0,40.5918,44.0904,44.5945,49.0137
28.0,28.6658,32.0849
30.0,30.5041,33.2548,39.5096
28.0,29.2521,29.7479,31.2548,33.5041
31.0,33.2493,36.2521,37.5014,37.6685
22.0,26.0027,28.2548,29.8384
22.0,24.0,28.3397,30.3425,31.8384
29.0,35.4247,36.9205
22.0,22.6712,26.337,29.0055
22.0,23.0877,25.4219,26.5918,27.3425,29.2575
25.0,25.6658,26.4219,28.337
25.0,28.4219,32.0055,34.0877
24.0,26.0849,28.0877,30.674,31.7589,33.4247,36.1753,38.5945
30.0,31.2521,33.7507
28.0,35.4192,37.4192,40.2548
28.0,29.6658,32.7507
29.0,31.8356,32.5068,34.8384,36.7534
25.0,29.5863,32.5014
29.0,43.2575,45.6767
28.0,29.0,29.9151,31.1671
26.0,28.9178,32.337,35.6685
22.0,23.4959,28.7507
31.0,32.8301,34.4986,34.9178
26.0,28.0877,35.5096,37.1781
29.0,30.0,31.0,32.2521,35.589
29.0,29.7507,30.9178
22.0,25.3315,27.5836,32.4219
25.0,28.7507,32.0055,32.8356,33.7534
26.0,30.0027,35.0932
31.0,32.0027,34.0027
25.0,26.0,26.5836
24.0,24.2521,25.3342
25.0,26.2521,34.5096
29.0,29.6685,30.0027
30.0,32.5836,33.4137
25.0,26.9178,28.4986
24.0,24.4192,24.7479,25.0,25.4192
26.0,28.9178,29.5836,32.5836,33.5041,36.0055
22.0,24.6712,30.4247,32.5918
30.0,30.7507,31.4192,32.1726
28.0,31.7507,33.8356
31.0,36.0027,38.0055,40.0055
28.0,31.1644,32.4986,35.1671,39.0849
29.0,32.1699,34.0027,35.3397,36.3397,38.3397
25.0,27.0027,30.4219
30.0,33.5836,35.4137
25.0,28.0027,30.5918
28.0,29.0849,31.1699
26.0,29.337,30.337,34.1726,34.7562
25.0,28.6685,29.8356
25.0,27.3315,28.3315,29.5014
29.0,34.9205,35.1726
29.0,30.0,31.0027
28.0,28.1616,31.6685
22.0,23.8301,25.8329,29.6685,34.3425,38.7589
24.0,33.5014,35.5041,37.589,38.8438,40.011,41.1726
30.0,32.8329,38.4164
29.0,29.8329,30.8329
26.0,31.0027,35.0055,38.0082,40.011
25.0,26.5808,27.3288,29.4986,31.5836
31.0,32.4219,35.1699
30.0,31.0849,34.0877,39.3425
30.0,30.5863,35.589,39.9233
22.0,24.0,26.7507,27.1699,29.4219
22.0,25.0027,25.3397,26.0877
30.0,37.2521,38.7562
29.0,30.0822,31.4986,32.0027
31.0,31.7479,34.589
28.0,28.5808,29.8329
30.0,36.2521,38.0904
30.0,33.5041,35.7534
26.0,29.0027,32.0055,34.0055,35.0055
26.0,27.3342,28.674,31.5068
24.0,25.9178,26.5041
22.0,22.2521,23.0
22.0,23.8329,27.4219
26.0,29.2466,30.9178,34.5014
24.0,25.0,27.0,28.1726,33.1753,34.7562
22.0,25.5836,27.0027,29.0055,30.1726,31.7534
29.0,33.3342,36.0027,38.7562,39.337
28.0,34.9205,40.7589,42.3452,44.7616
26.0,26.2521,26.8329
25.0,27.0849,31.674
28.0,31.5836,32.5836,33.7534
28.0,29.5068,31.0027,32.5068
29.0,31.5068,34.5863
24.0,25.9205,26.9205
31.0,31.8384,32.7534
25.0,27.3397,35.5973,37.0082
22.0,24.0,27.0027
31.0,33.9205,34.8356
24.0,24.9178,25.5041,27.1699
24.0,26.6658,28.5014,31.9205
30.0,34.0849,38.8356
22.0,25.2521,26.4219,27.7562,28.1699
31.0,32.6712,34.0822
25.0,26.6712,27.0,27.2521,27.7562
26.0,29.0,33.0027
22.0,24.3315,29.2493
24.0,24.7479,26.5041,29.5836,33.5096
30.0,31.4192,35.0877
28.0,29.0877,30.3397,31.4219,33.6767
29.0,29.4192,29.9151
24.0,24.8384,29.5068,30.7589,33.5096
29.0,30.0877,32.589
31.0,35.8329,37.4219,39.0877
24.0,29.0877,31.5863
28.0,41.5945,43.8493
31.0,31.2521,31.9151
30.0,37.5068,42.8411,46.1808,50.7644,53.5178
30.0,31.2493,32.4219
25.0,26.9151,29.0849
22.0,27.674,30.1726,32.1726
28.0,31.1699,33.1726
28.0,36.8384,37.7589,39.5123
29.0,31.7507,32.0027,35.0877
31.0,32.1671,32.5808,32.8329,33.8329
31.0,32.4192,34.2548
25.0,26.337,27.337
22.0,24.0822,25.4192
22.0,24.337,26.8356,27.4219
29.0,29.1699,30.1699,32.8356
31.0,31.7479,33.6658
29.0,36.0904,36.3425
25.0,31.4192,32.9205
24.0,29.0027,30.6658
28.0,28.4192,28.7479,29.0
31.0,31.7479,33.4164
24.0,25.2438,32.5863,36.5041
26.0,30.2548,34.6767
28.0,28.7507,30.2493
31.0,32.6658,33.4986,34.2493,36.4164
26.0,28.8411,31.5918
22.0,28.589,31.6767
30.0,36.8384,39.4274
26.0,27.4137,27.7479,31.5836
25.0,28.5836,29.2493,31.5836
25.0,25.2521,26.5068
25.0,25.6658,27.4959,30.4164
31.0,32.411,33.0
26.0,27.0,27.3288,28.0,28.8329
26.0,27.0027,29.0027,31.6712
25.0,26.0,27.8329,30.8356,32.5014,34.5014,35.5014
28.0,28.7534,30.8411,33.674
28.0,30.1671,31.8329,34.337
25.0,26.9205,27.6685,28.7534
30.0,31.0027,31.9178
30.0,31.0,32.0027,33.0027,35.0027
28.0,29.7507,35.4247
22.0,24.0027,25.5068
29.0,31.0027,31.7507,36.7534,40.9233
25.0,26.0822,26.7534,28.5041,29.2521,29.7562
24.0,28.4219,29.2575,29.9233
30.0,31.0822,36.9205,40.674
24.0,27.9205,28.5068
25.0,36.5918,40.5945
31.0,35.6685,37.1726,38.0904
30.0,35.5096,37.7534
29.0,31.8356,37.1726
26.0,26.9151,32.589
30.0,34.8356,39.4247,40.7562,43.0932
24.0,24.5808,25.8329
26.0,28.8356,29.9205,30.3397
22.0,23.1644,24.6685,25.1644
28.0,29.7589,30.4219
24.0,25.5808,30.5836
30.0,30.3315,30.6685,31.0027,31.4164,33.0877
22.0,23.2521,24.1699,26.0877,27.6712,27.9205,28.4247
24.0,25.4959,26.8301
31.0,31.1699,32.8356
31.0,31.9178,35.0849
29.0,29.2521,29.9178
31.0,33.5863,34.589
29.0,30.0,30.5014
28.0,33.4986,35.8384,37.9205,43.1753
22.0,23.8356,29.5945
30.0,32.5808,33.4164,36.2548
31.0,32.6658,34.4986,36.1726
29.0,31.7507,32.7507,35.7534
22.0,24.3342,26.0027
30.0,37.3397,45.926
30.0,38.2575,43.263,46.263
28.0,30.1699,35.5918,37.3397
25.0,27.0,27.5041
25.0,28.2548,30.4219
24.0,28.337,30.5068
25.0,26.0,28.0027
22.0,23.7479,26.4219
31.0,32.0849,35.9178
22.0,25.4986,28.0027,31.0055
29.0,31.2548,32.4219
29.0,31.5863,32.4192
26.0,31.0877,34.7534
22.0,24.8329,28.8356,31.7562
31.0,32.4192,34.0849,36.8384
31.0,31.4137,32.1644,34.5836,35.1671,36.4164,38.0822
30.0,31.0,31.4192
28.0,34.0055,36.0055
25.0,25.5041,26.7534
31.0,31.6712,32.0849
22.0,23.0849,26.0849
31.0,33.2466,33.6658
22.0,25.589,28.674,31.3397,32.7562,36.0082
31.0,34.9205,35.5041
30.0,32.9178,34.9178
29.0,29.2521,29.5863,30.0822
31.0,36.6685,39.6712
31.0,35.589,37.0877
30.0,36.4192,37.3342,46.2603
30.0,34.0877,34.6685
31.0,34.5836,39.0904
